(kicad_pcb (version 20171130) (host pcbnew "(5.0.2)-1")

  (general
    (thickness 1.6002)
    (drawings 55)
    (tracks 862)
    (zones 0)
    (modules 90)
    (nets 84)
  )

  (page USLetter)
  (layers
    (0 F.Cu signal hide)
    (31 B.Cu signal)
    (34 B.Paste user)
    (35 F.Paste user hide)
    (36 B.SilkS user)
    (37 F.SilkS user hide)
    (38 B.Mask user)
    (39 F.Mask user hide)
    (40 Dwgs.User user)
    (41 Cmts.User user)
    (42 Eco1.User user)
    (43 Eco2.User user)
    (44 Edge.Cuts user)
    (45 Margin user)
    (46 B.CrtYd user)
    (47 F.CrtYd user)
    (48 B.Fab user)
    (49 F.Fab user)
  )

  (setup
    (last_trace_width 0.1524)
    (trace_clearance 0.1524)
    (zone_clearance 0.508)
    (zone_45_only no)
    (trace_min 0.1524)
    (segment_width 0.2)
    (edge_width 0.15)
    (via_size 0.6858)
    (via_drill 0.3302)
    (via_min_size 0.508)
    (via_min_drill 0.254)
    (uvia_size 0.6858)
    (uvia_drill 0.3302)
    (uvias_allowed no)
    (uvia_min_size 0.2)
    (uvia_min_drill 0.1)
    (pcb_text_width 0.3)
    (pcb_text_size 1.5 1.5)
    (mod_edge_width 0.15)
    (mod_text_size 1 1)
    (mod_text_width 0.15)
    (pad_size 1.524 1.524)
    (pad_drill 0.762)
    (pad_to_mask_clearance 0.0508)
    (solder_mask_min_width 0.25)
    (aux_axis_origin 0 0)
    (visible_elements 7FFD7FFF)
    (pcbplotparams
      (layerselection 0x010fc_ffffffff)
      (usegerberextensions false)
      (usegerberattributes false)
      (usegerberadvancedattributes false)
      (creategerberjobfile false)
      (excludeedgelayer true)
      (linewidth 0.100000)
      (plotframeref false)
      (viasonmask false)
      (mode 1)
      (useauxorigin false)
      (hpglpennumber 1)
      (hpglpenspeed 20)
      (hpglpendiameter 15.000000)
      (psnegative false)
      (psa4output false)
      (plotreference true)
      (plotvalue true)
      (plotinvisibletext false)
      (padsonsilk false)
      (subtractmaskfromsilk false)
      (outputformat 1)
      (mirror false)
      (drillshape 1)
      (scaleselection 1)
      (outputdirectory ""))
  )

  (net 0 "")
  (net 1 GND)
  (net 2 "Net-(J5-Pad1)")
  (net 3 "Net-(J5-Pad3)")
  (net 4 "Net-(J5-Pad4)")
  (net 5 +3V3)
  (net 6 "Net-(Q1-Pad1)")
  (net 7 "Net-(Q2-Pad1)")
  (net 8 "Net-(Q3-Pad1)")
  (net 9 D2RELAY)
  (net 10 D3RELAY)
  (net 11 SS)
  (net 12 MOSI)
  (net 13 MISO)
  (net 14 SCK)
  (net 15 RXI)
  (net 16 TXO)
  (net 17 D1RELAY)
  (net 18 DTR)
  (net 19 /W5100_Ethernet_Interface/TD+)
  (net 20 /W5100_Ethernet_Interface/TD-)
  (net 21 /W5100_Ethernet_Interface/RD+)
  (net 22 /W5100_Ethernet_Interface/RD-)
  (net 23 "Net-(R7-Pad1)")
  (net 24 /PoE_PD_Interface/VC12)
  (net 25 /PoE_PD_Interface/VC36)
  (net 26 /PoE_PD_Interface/VC45)
  (net 27 /PoE_PD_Interface/VC78)
  (net 28 "Net-(C4-Pad2)")
  (net 29 "Net-(C5-Pad2)")
  (net 30 RESET)
  (net 31 "Net-(C11-Pad2)")
  (net 32 "Net-(D6-Pad2)")
  (net 33 "Net-(D7-Pad2)")
  (net 34 "Net-(D8-Pad2)")
  (net 35 "Net-(D9-Pad2)")
  (net 36 "Net-(R16-Pad2)")
  (net 37 "Net-(R17-Pad2)")
  (net 38 INT)
  (net 39 W_CS)
  (net 40 W_INT)
  (net 41 W_RESET)
  (net 42 W_SCLK)
  (net 43 W_MISO)
  (net 44 W_MOSI)
  (net 45 D1SENSOR)
  (net 46 D2SENSOR)
  (net 47 D3SENSOR)
  (net 48 "Net-(C10-Pad1)")
  (net 49 "Net-(C10-Pad2)")
  (net 50 "Net-(R20-Pad1)")
  (net 51 "Net-(D10-Pad2)")
  (net 52 "Net-(R23-Pad2)")
  (net 53 "Net-(R22-Pad2)")
  (net 54 "Net-(R19-Pad1)")
  (net 55 "Net-(R18-Pad1)")
  (net 56 "Net-(R21-Pad2)")
  (net 57 "Net-(C6-Pad1)")
  (net 58 "Net-(D13-Pad2)")
  (net 59 "Net-(D12-Pad2)")
  (net 60 "Net-(D11-Pad2)")
  (net 61 "Net-(J7-Pad4)")
  (net 62 "Net-(J7-Pad1)")
  (net 63 "Net-(J7-Pad3)")
  (net 64 "Net-(J6-Pad3)")
  (net 65 "Net-(J6-Pad1)")
  (net 66 "Net-(J6-Pad4)")
  (net 67 "Net-(R9-Pad1)")
  (net 68 "Net-(C25-Pad2)")
  (net 69 "Net-(C24-Pad2)")
  (net 70 "Net-(R14-Pad2)")
  (net 71 "Net-(R13-Pad2)")
  (net 72 "Net-(R12-Pad2)")
  (net 73 "Net-(R11-Pad2)")
  (net 74 "Net-(R10-Pad1)")
  (net 75 "Net-(R8-Pad2)")
  (net 76 "Net-(D1-Pad2)")
  (net 77 "Net-(C22-Pad1)")
  (net 78 "Net-(C23-Pad1)")
  (net 79 "Net-(X2-Pad1)")
  (net 80 /RD-)
  (net 81 /RD+)
  (net 82 /CT)
  (net 83 /BOOT_STATUS)

  (net_class Default "This is the default net class."
    (clearance 0.1524)
    (trace_width 0.1524)
    (via_dia 0.6858)
    (via_drill 0.3302)
    (uvia_dia 0.6858)
    (uvia_drill 0.3302)
    (add_net +3V3)
    (add_net /BOOT_STATUS)
    (add_net /CT)
    (add_net D1RELAY)
    (add_net D1SENSOR)
    (add_net D2RELAY)
    (add_net D2SENSOR)
    (add_net D3RELAY)
    (add_net D3SENSOR)
    (add_net DTR)
    (add_net GND)
    (add_net INT)
    (add_net MISO)
    (add_net MOSI)
    (add_net "Net-(C22-Pad1)")
    (add_net "Net-(C23-Pad1)")
    (add_net "Net-(C24-Pad2)")
    (add_net "Net-(C25-Pad2)")
    (add_net "Net-(C4-Pad2)")
    (add_net "Net-(C5-Pad2)")
    (add_net "Net-(C6-Pad1)")
    (add_net "Net-(D1-Pad2)")
    (add_net "Net-(D10-Pad2)")
    (add_net "Net-(D11-Pad2)")
    (add_net "Net-(D12-Pad2)")
    (add_net "Net-(D13-Pad2)")
    (add_net "Net-(D6-Pad2)")
    (add_net "Net-(D7-Pad2)")
    (add_net "Net-(D8-Pad2)")
    (add_net "Net-(D9-Pad2)")
    (add_net "Net-(Q1-Pad1)")
    (add_net "Net-(Q2-Pad1)")
    (add_net "Net-(Q3-Pad1)")
    (add_net "Net-(R11-Pad2)")
    (add_net "Net-(R12-Pad2)")
    (add_net "Net-(R13-Pad2)")
    (add_net "Net-(R14-Pad2)")
    (add_net "Net-(R16-Pad2)")
    (add_net "Net-(R17-Pad2)")
    (add_net "Net-(R18-Pad1)")
    (add_net "Net-(R19-Pad1)")
    (add_net "Net-(R20-Pad1)")
    (add_net "Net-(R21-Pad2)")
    (add_net "Net-(R22-Pad2)")
    (add_net "Net-(R23-Pad2)")
    (add_net "Net-(R7-Pad1)")
    (add_net "Net-(X2-Pad1)")
    (add_net RESET)
    (add_net RXI)
    (add_net SCK)
    (add_net SS)
    (add_net TXO)
    (add_net W_CS)
    (add_net W_INT)
    (add_net W_MISO)
    (add_net W_MOSI)
    (add_net W_RESET)
    (add_net W_SCLK)
  )

  (net_class "48V Handling" ""
    (clearance 0.1524)
    (trace_width 0.2286)
    (via_dia 0.6858)
    (via_drill 0.3302)
    (uvia_dia 0.6858)
    (uvia_drill 0.3302)
    (add_net /PoE_PD_Interface/VC12)
    (add_net /PoE_PD_Interface/VC36)
    (add_net /PoE_PD_Interface/VC45)
    (add_net /PoE_PD_Interface/VC78)
    (add_net "Net-(C10-Pad1)")
    (add_net "Net-(C10-Pad2)")
    (add_net "Net-(C11-Pad2)")
    (add_net "Net-(R10-Pad1)")
    (add_net "Net-(R8-Pad2)")
    (add_net "Net-(R9-Pad1)")
  )

  (net_class "Diff Pairs" ""
    (clearance 0.1524)
    (trace_width 0.2)
    (via_dia 0.6858)
    (via_drill 0.3302)
    (uvia_dia 0.6858)
    (uvia_drill 0.3302)
    (add_net /RD+)
    (add_net /RD-)
    (add_net /W5100_Ethernet_Interface/RD+)
    (add_net /W5100_Ethernet_Interface/RD-)
    (add_net /W5100_Ethernet_Interface/TD+)
    (add_net /W5100_Ethernet_Interface/TD-)
  )

  (net_class Relays ""
    (clearance 0.3048)
    (trace_width 0.6096)
    (via_dia 0.6858)
    (via_drill 0.3302)
    (uvia_dia 0.6858)
    (uvia_drill 0.3302)
    (add_net "Net-(J5-Pad1)")
    (add_net "Net-(J5-Pad3)")
    (add_net "Net-(J5-Pad4)")
    (add_net "Net-(J6-Pad1)")
    (add_net "Net-(J6-Pad3)")
    (add_net "Net-(J6-Pad4)")
    (add_net "Net-(J7-Pad1)")
    (add_net "Net-(J7-Pad3)")
    (add_net "Net-(J7-Pad4)")
  )

  (module tyler_components:0813-1X1T-57-F_RJ45-Jack (layer F.Cu) (tedit 5A3C7966) (tstamp 5D3727B3)
    (at 130 73 90)
    (path /5CF16AA1)
    (fp_text reference J4 (at -9 -8 180) (layer F.SilkS)
      (effects (font (size 1 1) (thickness 0.15)))
    )
    (fp_text value 0813-1X1T-57-F (at 3 22.2 90) (layer F.Fab)
      (effects (font (size 1 1) (thickness 0.15)))
    )
    (fp_line (start -8.18 19.56) (end 8.18 19.56) (layer F.SilkS) (width 0.2))
    (fp_line (start -8.18 -10.92) (end 8.18 -10.92) (layer F.SilkS) (width 0.2))
    (fp_line (start 8.18 -10.92) (end 8.18 19.56) (layer F.SilkS) (width 0.2))
    (fp_line (start -8.18 -10.92) (end -8.18 19.56) (layer F.SilkS) (width 0.2))
    (pad "" np_thru_hole circle (at -6.35 0 90) (size 3.25 3.25) (drill 3.25) (layers *.Cu *.Mask F.SilkS))
    (pad "" np_thru_hole circle (at 6.35 0 90) (size 3.25 3.25) (drill 3.25) (layers *.Cu *.Mask F.SilkS))
    (pad "" thru_hole circle (at 8.065 -3.17 90) (size 2.1 2.1) (drill 1.57) (layers *.Cu *.Mask F.SilkS))
    (pad "" thru_hole circle (at -8.065 -3.17 90) (size 2.1 2.1) (drill 1.57) (layers *.Cu *.Mask F.SilkS))
    (pad 1 thru_hole circle (at -5.08 15.24 90) (size 1.4 1.4) (drill 0.89) (layers *.Cu *.Mask F.SilkS)
      (net 19 /W5100_Ethernet_Interface/TD+))
    (pad 2 thru_hole circle (at -3.05 15.24 90) (size 1.4 1.4) (drill 0.89) (layers *.Cu *.Mask F.SilkS)
      (net 81 /RD+))
    (pad 5 thru_hole circle (at 3.04 15.24 90) (size 1.4 1.4) (drill 0.89) (layers *.Cu *.Mask F.SilkS)
      (net 24 /PoE_PD_Interface/VC12))
    (pad 6 thru_hole circle (at 5.07 15.24 90) (size 1.4 1.4) (drill 0.89) (layers *.Cu *.Mask F.SilkS)
      (net 26 /PoE_PD_Interface/VC45))
    (pad 7 thru_hole circle (at -6.1 17.78 90) (size 1.4 1.4) (drill 0.89) (layers *.Cu *.Mask F.SilkS)
      (net 82 /CT))
    (pad 8 thru_hole circle (at -4.07 17.78 90) (size 1.4 1.4) (drill 0.89) (layers *.Cu *.Mask F.SilkS)
      (net 20 /W5100_Ethernet_Interface/TD-))
    (pad 9 thru_hole circle (at -2.04 17.78 90) (size 1.4 1.4) (drill 0.89) (layers *.Cu *.Mask F.SilkS)
      (net 80 /RD-))
    (pad 10 thru_hole circle (at 2.02 17.78 90) (size 1.4 1.4) (drill 0.89) (layers *.Cu *.Mask F.SilkS)
      (net 25 /PoE_PD_Interface/VC36))
    (pad 11 thru_hole circle (at 4.05 17.78 90) (size 1.4 1.4) (drill 0.89) (layers *.Cu *.Mask F.SilkS)
      (net 27 /PoE_PD_Interface/VC78))
    (model ${KISYS3DMOD}/Connector_RJ.3dshapes/0813-1X1T-57-F.STEP
      (offset (xyz 8.5 11 0))
      (scale (xyz 1 1 1))
      (rotate (xyz -90 0 180))
    )
  )

  (module Resistor_SMD:R_0805_2012Metric (layer B.Cu) (tedit 5B36C52B) (tstamp 5D46F41B)
    (at 191.5 98)
    (descr "Resistor SMD 0805 (2012 Metric), square (rectangular) end terminal, IPC_7351 nominal, (Body size source: https://docs.google.com/spreadsheets/d/1BsfQQcO9C6DZCsRaXUlFlo91Tg2WpOkGARC1WS5S8t0/edit?usp=sharing), generated with kicad-footprint-generator")
    (tags resistor)
    (path /5CF6E2C0/5D2DA984)
    (attr smd)
    (fp_text reference R16 (at 3.2 0.1) (layer B.SilkS)
      (effects (font (size 1 1) (thickness 0.15)) (justify mirror))
    )
    (fp_text value 330 (at 0 -1.65) (layer B.Fab)
      (effects (font (size 1 1) (thickness 0.15)) (justify mirror))
    )
    (fp_line (start -1 -0.6) (end -1 0.6) (layer B.Fab) (width 0.1))
    (fp_line (start -1 0.6) (end 1 0.6) (layer B.Fab) (width 0.1))
    (fp_line (start 1 0.6) (end 1 -0.6) (layer B.Fab) (width 0.1))
    (fp_line (start 1 -0.6) (end -1 -0.6) (layer B.Fab) (width 0.1))
    (fp_line (start -0.258578 0.71) (end 0.258578 0.71) (layer B.SilkS) (width 0.12))
    (fp_line (start -0.258578 -0.71) (end 0.258578 -0.71) (layer B.SilkS) (width 0.12))
    (fp_line (start -1.68 -0.95) (end -1.68 0.95) (layer B.CrtYd) (width 0.05))
    (fp_line (start -1.68 0.95) (end 1.68 0.95) (layer B.CrtYd) (width 0.05))
    (fp_line (start 1.68 0.95) (end 1.68 -0.95) (layer B.CrtYd) (width 0.05))
    (fp_line (start 1.68 -0.95) (end -1.68 -0.95) (layer B.CrtYd) (width 0.05))
    (fp_text user %R (at 0 0) (layer B.Fab)
      (effects (font (size 0.5 0.5) (thickness 0.08)) (justify mirror))
    )
    (pad 1 smd roundrect (at -0.9375 0) (size 0.975 1.4) (layers B.Cu B.Paste B.Mask) (roundrect_rratio 0.25)
      (net 32 "Net-(D6-Pad2)"))
    (pad 2 smd roundrect (at 0.9375 0) (size 0.975 1.4) (layers B.Cu B.Paste B.Mask) (roundrect_rratio 0.25)
      (net 36 "Net-(R16-Pad2)"))
    (model ${KISYS3DMOD}/Resistor_SMD.3dshapes/R_0805_2012Metric.wrl
      (at (xyz 0 0 0))
      (scale (xyz 1 1 1))
      (rotate (xyz 0 0 0))
    )
  )

  (module Resistor_SMD:R_0805_2012Metric (layer B.Cu) (tedit 5B36C52B) (tstamp 5D46BDE7)
    (at 191.5 100.5)
    (descr "Resistor SMD 0805 (2012 Metric), square (rectangular) end terminal, IPC_7351 nominal, (Body size source: https://docs.google.com/spreadsheets/d/1BsfQQcO9C6DZCsRaXUlFlo91Tg2WpOkGARC1WS5S8t0/edit?usp=sharing), generated with kicad-footprint-generator")
    (tags resistor)
    (path /5CF6E2C0/5D2DAA17)
    (attr smd)
    (fp_text reference R17 (at 3.2 0) (layer B.SilkS)
      (effects (font (size 1 1) (thickness 0.15)) (justify mirror))
    )
    (fp_text value 330 (at 0 -1.65) (layer B.Fab)
      (effects (font (size 1 1) (thickness 0.15)) (justify mirror))
    )
    (fp_text user %R (at 0 0) (layer B.Fab)
      (effects (font (size 0.5 0.5) (thickness 0.08)) (justify mirror))
    )
    (fp_line (start 1.68 -0.95) (end -1.68 -0.95) (layer B.CrtYd) (width 0.05))
    (fp_line (start 1.68 0.95) (end 1.68 -0.95) (layer B.CrtYd) (width 0.05))
    (fp_line (start -1.68 0.95) (end 1.68 0.95) (layer B.CrtYd) (width 0.05))
    (fp_line (start -1.68 -0.95) (end -1.68 0.95) (layer B.CrtYd) (width 0.05))
    (fp_line (start -0.258578 -0.71) (end 0.258578 -0.71) (layer B.SilkS) (width 0.12))
    (fp_line (start -0.258578 0.71) (end 0.258578 0.71) (layer B.SilkS) (width 0.12))
    (fp_line (start 1 -0.6) (end -1 -0.6) (layer B.Fab) (width 0.1))
    (fp_line (start 1 0.6) (end 1 -0.6) (layer B.Fab) (width 0.1))
    (fp_line (start -1 0.6) (end 1 0.6) (layer B.Fab) (width 0.1))
    (fp_line (start -1 -0.6) (end -1 0.6) (layer B.Fab) (width 0.1))
    (pad 2 smd roundrect (at 0.9375 0) (size 0.975 1.4) (layers B.Cu B.Paste B.Mask) (roundrect_rratio 0.25)
      (net 37 "Net-(R17-Pad2)"))
    (pad 1 smd roundrect (at -0.9375 0) (size 0.975 1.4) (layers B.Cu B.Paste B.Mask) (roundrect_rratio 0.25)
      (net 33 "Net-(D7-Pad2)"))
    (model ${KISYS3DMOD}/Resistor_SMD.3dshapes/R_0805_2012Metric.wrl
      (at (xyz 0 0 0))
      (scale (xyz 1 1 1))
      (rotate (xyz 0 0 0))
    )
  )

  (module Resistor_SMD:R_0805_2012Metric (layer B.Cu) (tedit 5B36C52B) (tstamp 5D372934)
    (at 201.3 61.3 180)
    (descr "Resistor SMD 0805 (2012 Metric), square (rectangular) end terminal, IPC_7351 nominal, (Body size source: https://docs.google.com/spreadsheets/d/1BsfQQcO9C6DZCsRaXUlFlo91Tg2WpOkGARC1WS5S8t0/edit?usp=sharing), generated with kicad-footprint-generator")
    (tags resistor)
    (path /5D2C3EA5)
    (attr smd)
    (fp_text reference R7 (at 3.1 0 180) (layer B.SilkS)
      (effects (font (size 1 1) (thickness 0.15)) (justify mirror))
    )
    (fp_text value 330 (at 0 -1.65 180) (layer B.Fab)
      (effects (font (size 1 1) (thickness 0.15)) (justify mirror))
    )
    (fp_text user %R (at 0 0 180) (layer B.Fab)
      (effects (font (size 0.5 0.5) (thickness 0.08)) (justify mirror))
    )
    (fp_line (start 1.68 -0.95) (end -1.68 -0.95) (layer B.CrtYd) (width 0.05))
    (fp_line (start 1.68 0.95) (end 1.68 -0.95) (layer B.CrtYd) (width 0.05))
    (fp_line (start -1.68 0.95) (end 1.68 0.95) (layer B.CrtYd) (width 0.05))
    (fp_line (start -1.68 -0.95) (end -1.68 0.95) (layer B.CrtYd) (width 0.05))
    (fp_line (start -0.258578 -0.71) (end 0.258578 -0.71) (layer B.SilkS) (width 0.12))
    (fp_line (start -0.258578 0.71) (end 0.258578 0.71) (layer B.SilkS) (width 0.12))
    (fp_line (start 1 -0.6) (end -1 -0.6) (layer B.Fab) (width 0.1))
    (fp_line (start 1 0.6) (end 1 -0.6) (layer B.Fab) (width 0.1))
    (fp_line (start -1 0.6) (end 1 0.6) (layer B.Fab) (width 0.1))
    (fp_line (start -1 -0.6) (end -1 0.6) (layer B.Fab) (width 0.1))
    (pad 2 smd roundrect (at 0.9375 0 180) (size 0.975 1.4) (layers B.Cu B.Paste B.Mask) (roundrect_rratio 0.25)
      (net 83 /BOOT_STATUS))
    (pad 1 smd roundrect (at -0.9375 0 180) (size 0.975 1.4) (layers B.Cu B.Paste B.Mask) (roundrect_rratio 0.25)
      (net 23 "Net-(R7-Pad1)"))
    (model ${KISYS3DMOD}/Resistor_SMD.3dshapes/R_0805_2012Metric.wrl
      (at (xyz 0 0 0))
      (scale (xyz 1 1 1))
      (rotate (xyz 0 0 0))
    )
  )

  (module Capacitor_SMD:C_0603_1608Metric (layer B.Cu) (tedit 5B301BBE) (tstamp 5D381518)
    (at 187.3 95.4)
    (descr "Capacitor SMD 0603 (1608 Metric), square (rectangular) end terminal, IPC_7351 nominal, (Body size source: http://www.tortai-tech.com/upload/download/2011102023233369053.pdf), generated with kicad-footprint-generator")
    (tags capacitor)
    (path /5CF6E2C0/5CF71AA1)
    (attr smd)
    (fp_text reference C24 (at -3.3 0) (layer B.SilkS)
      (effects (font (size 1 1) (thickness 0.15)) (justify mirror))
    )
    (fp_text value 18p (at 0 -1.43) (layer B.Fab)
      (effects (font (size 1 1) (thickness 0.15)) (justify mirror))
    )
    (fp_text user %R (at 0 0) (layer B.Fab)
      (effects (font (size 0.4 0.4) (thickness 0.06)) (justify mirror))
    )
    (fp_line (start 1.48 -0.73) (end -1.48 -0.73) (layer B.CrtYd) (width 0.05))
    (fp_line (start 1.48 0.73) (end 1.48 -0.73) (layer B.CrtYd) (width 0.05))
    (fp_line (start -1.48 0.73) (end 1.48 0.73) (layer B.CrtYd) (width 0.05))
    (fp_line (start -1.48 -0.73) (end -1.48 0.73) (layer B.CrtYd) (width 0.05))
    (fp_line (start -0.162779 -0.51) (end 0.162779 -0.51) (layer B.SilkS) (width 0.12))
    (fp_line (start -0.162779 0.51) (end 0.162779 0.51) (layer B.SilkS) (width 0.12))
    (fp_line (start 0.8 -0.4) (end -0.8 -0.4) (layer B.Fab) (width 0.1))
    (fp_line (start 0.8 0.4) (end 0.8 -0.4) (layer B.Fab) (width 0.1))
    (fp_line (start -0.8 0.4) (end 0.8 0.4) (layer B.Fab) (width 0.1))
    (fp_line (start -0.8 -0.4) (end -0.8 0.4) (layer B.Fab) (width 0.1))
    (pad 2 smd roundrect (at 0.7875 0) (size 0.875 0.95) (layers B.Cu B.Paste B.Mask) (roundrect_rratio 0.25)
      (net 69 "Net-(C24-Pad2)"))
    (pad 1 smd roundrect (at -0.7875 0) (size 0.875 0.95) (layers B.Cu B.Paste B.Mask) (roundrect_rratio 0.25)
      (net 1 GND))
    (model ${KISYS3DMOD}/Capacitor_SMD.3dshapes/C_0603_1608Metric.wrl
      (at (xyz 0 0 0))
      (scale (xyz 1 1 1))
      (rotate (xyz 0 0 0))
    )
  )

  (module Capacitor_SMD:C_0603_1608Metric (layer B.Cu) (tedit 5B301BBE) (tstamp 5D46FA9E)
    (at 187.3 90.4)
    (descr "Capacitor SMD 0603 (1608 Metric), square (rectangular) end terminal, IPC_7351 nominal, (Body size source: http://www.tortai-tech.com/upload/download/2011102023233369053.pdf), generated with kicad-footprint-generator")
    (tags capacitor)
    (path /5CF6E2C0/5CF7196F)
    (attr smd)
    (fp_text reference C25 (at -3.3 0) (layer B.SilkS)
      (effects (font (size 1 1) (thickness 0.15)) (justify mirror))
    )
    (fp_text value 18p (at 0 -1.43) (layer B.Fab)
      (effects (font (size 1 1) (thickness 0.15)) (justify mirror))
    )
    (fp_text user %R (at 0 0) (layer B.Fab)
      (effects (font (size 0.4 0.4) (thickness 0.06)) (justify mirror))
    )
    (fp_line (start 1.48 -0.73) (end -1.48 -0.73) (layer B.CrtYd) (width 0.05))
    (fp_line (start 1.48 0.73) (end 1.48 -0.73) (layer B.CrtYd) (width 0.05))
    (fp_line (start -1.48 0.73) (end 1.48 0.73) (layer B.CrtYd) (width 0.05))
    (fp_line (start -1.48 -0.73) (end -1.48 0.73) (layer B.CrtYd) (width 0.05))
    (fp_line (start -0.162779 -0.51) (end 0.162779 -0.51) (layer B.SilkS) (width 0.12))
    (fp_line (start -0.162779 0.51) (end 0.162779 0.51) (layer B.SilkS) (width 0.12))
    (fp_line (start 0.8 -0.4) (end -0.8 -0.4) (layer B.Fab) (width 0.1))
    (fp_line (start 0.8 0.4) (end 0.8 -0.4) (layer B.Fab) (width 0.1))
    (fp_line (start -0.8 0.4) (end 0.8 0.4) (layer B.Fab) (width 0.1))
    (fp_line (start -0.8 -0.4) (end -0.8 0.4) (layer B.Fab) (width 0.1))
    (pad 2 smd roundrect (at 0.7875 0) (size 0.875 0.95) (layers B.Cu B.Paste B.Mask) (roundrect_rratio 0.25)
      (net 68 "Net-(C25-Pad2)"))
    (pad 1 smd roundrect (at -0.7875 0) (size 0.875 0.95) (layers B.Cu B.Paste B.Mask) (roundrect_rratio 0.25)
      (net 1 GND))
    (model ${KISYS3DMOD}/Capacitor_SMD.3dshapes/C_0603_1608Metric.wrl
      (at (xyz 0 0 0))
      (scale (xyz 1 1 1))
      (rotate (xyz 0 0 0))
    )
  )

  (module Capacitor_SMD:C_0603_1608Metric (layer B.Cu) (tedit 5B301BBE) (tstamp 5D4690F6)
    (at 216.5875 72.4 180)
    (descr "Capacitor SMD 0603 (1608 Metric), square (rectangular) end terminal, IPC_7351 nominal, (Body size source: http://www.tortai-tech.com/upload/download/2011102023233369053.pdf), generated with kicad-footprint-generator")
    (tags capacitor)
    (path /5D0D71CD)
    (attr smd)
    (fp_text reference C5 (at 2.4875 0 180) (layer B.SilkS)
      (effects (font (size 1 1) (thickness 0.15)) (justify mirror))
    )
    (fp_text value 18p (at 0 -1.43 180) (layer B.Fab)
      (effects (font (size 1 1) (thickness 0.15)) (justify mirror))
    )
    (fp_text user %R (at 0 0 180) (layer B.Fab)
      (effects (font (size 0.4 0.4) (thickness 0.06)) (justify mirror))
    )
    (fp_line (start 1.48 -0.73) (end -1.48 -0.73) (layer B.CrtYd) (width 0.05))
    (fp_line (start 1.48 0.73) (end 1.48 -0.73) (layer B.CrtYd) (width 0.05))
    (fp_line (start -1.48 0.73) (end 1.48 0.73) (layer B.CrtYd) (width 0.05))
    (fp_line (start -1.48 -0.73) (end -1.48 0.73) (layer B.CrtYd) (width 0.05))
    (fp_line (start -0.162779 -0.51) (end 0.162779 -0.51) (layer B.SilkS) (width 0.12))
    (fp_line (start -0.162779 0.51) (end 0.162779 0.51) (layer B.SilkS) (width 0.12))
    (fp_line (start 0.8 -0.4) (end -0.8 -0.4) (layer B.Fab) (width 0.1))
    (fp_line (start 0.8 0.4) (end 0.8 -0.4) (layer B.Fab) (width 0.1))
    (fp_line (start -0.8 0.4) (end 0.8 0.4) (layer B.Fab) (width 0.1))
    (fp_line (start -0.8 -0.4) (end -0.8 0.4) (layer B.Fab) (width 0.1))
    (pad 2 smd roundrect (at 0.7875 0 180) (size 0.875 0.95) (layers B.Cu B.Paste B.Mask) (roundrect_rratio 0.25)
      (net 29 "Net-(C5-Pad2)"))
    (pad 1 smd roundrect (at -0.7875 0 180) (size 0.875 0.95) (layers B.Cu B.Paste B.Mask) (roundrect_rratio 0.25)
      (net 1 GND))
    (model ${KISYS3DMOD}/Capacitor_SMD.3dshapes/C_0603_1608Metric.wrl
      (at (xyz 0 0 0))
      (scale (xyz 1 1 1))
      (rotate (xyz 0 0 0))
    )
  )

  (module Capacitor_SMD:C_0603_1608Metric (layer B.Cu) (tedit 5B301BBE) (tstamp 5D381A45)
    (at 216.6 81.6)
    (descr "Capacitor SMD 0603 (1608 Metric), square (rectangular) end terminal, IPC_7351 nominal, (Body size source: http://www.tortai-tech.com/upload/download/2011102023233369053.pdf), generated with kicad-footprint-generator")
    (tags capacitor)
    (path /5D0D728A)
    (attr smd)
    (fp_text reference C6 (at -2.6 0) (layer B.SilkS)
      (effects (font (size 1 1) (thickness 0.15)) (justify mirror))
    )
    (fp_text value 18p (at 0 -1.43) (layer B.Fab)
      (effects (font (size 1 1) (thickness 0.15)) (justify mirror))
    )
    (fp_text user %R (at 0 0) (layer B.Fab)
      (effects (font (size 0.4 0.4) (thickness 0.06)) (justify mirror))
    )
    (fp_line (start 1.48 -0.73) (end -1.48 -0.73) (layer B.CrtYd) (width 0.05))
    (fp_line (start 1.48 0.73) (end 1.48 -0.73) (layer B.CrtYd) (width 0.05))
    (fp_line (start -1.48 0.73) (end 1.48 0.73) (layer B.CrtYd) (width 0.05))
    (fp_line (start -1.48 -0.73) (end -1.48 0.73) (layer B.CrtYd) (width 0.05))
    (fp_line (start -0.162779 -0.51) (end 0.162779 -0.51) (layer B.SilkS) (width 0.12))
    (fp_line (start -0.162779 0.51) (end 0.162779 0.51) (layer B.SilkS) (width 0.12))
    (fp_line (start 0.8 -0.4) (end -0.8 -0.4) (layer B.Fab) (width 0.1))
    (fp_line (start 0.8 0.4) (end 0.8 -0.4) (layer B.Fab) (width 0.1))
    (fp_line (start -0.8 0.4) (end 0.8 0.4) (layer B.Fab) (width 0.1))
    (fp_line (start -0.8 -0.4) (end -0.8 0.4) (layer B.Fab) (width 0.1))
    (pad 2 smd roundrect (at 0.7875 0) (size 0.875 0.95) (layers B.Cu B.Paste B.Mask) (roundrect_rratio 0.25)
      (net 1 GND))
    (pad 1 smd roundrect (at -0.7875 0) (size 0.875 0.95) (layers B.Cu B.Paste B.Mask) (roundrect_rratio 0.25)
      (net 57 "Net-(C6-Pad1)"))
    (model ${KISYS3DMOD}/Capacitor_SMD.3dshapes/C_0603_1608Metric.wrl
      (at (xyz 0 0 0))
      (scale (xyz 1 1 1))
      (rotate (xyz 0 0 0))
    )
  )

  (module Crystal:Crystal_SMD_5032-2Pin_5.0x3.2mm (layer B.Cu) (tedit 5A0FD1B2) (tstamp 5D375286)
    (at 216.6 76.8 270)
    (descr "SMD Crystal SERIES SMD2520/2 http://www.icbase.com/File/PDF/HKC/HKC00061008.pdf, 5.0x3.2mm^2 package")
    (tags "SMD SMT crystal")
    (path /5D0C9F1D)
    (attr smd)
    (fp_text reference Y1 (at 0 2.8 270) (layer B.SilkS)
      (effects (font (size 1 1) (thickness 0.15)) (justify mirror))
    )
    (fp_text value 8MHz (at 0 -2.8 270) (layer B.Fab)
      (effects (font (size 1 1) (thickness 0.15)) (justify mirror))
    )
    (fp_circle (center 0 0) (end 0.093333 0) (layer B.Adhes) (width 0.186667))
    (fp_circle (center 0 0) (end 0.213333 0) (layer B.Adhes) (width 0.133333))
    (fp_circle (center 0 0) (end 0.333333 0) (layer B.Adhes) (width 0.133333))
    (fp_circle (center 0 0) (end 0.4 0) (layer B.Adhes) (width 0.1))
    (fp_line (start 3.1 1.9) (end -3.1 1.9) (layer B.CrtYd) (width 0.05))
    (fp_line (start 3.1 -1.9) (end 3.1 1.9) (layer B.CrtYd) (width 0.05))
    (fp_line (start -3.1 -1.9) (end 3.1 -1.9) (layer B.CrtYd) (width 0.05))
    (fp_line (start -3.1 1.9) (end -3.1 -1.9) (layer B.CrtYd) (width 0.05))
    (fp_line (start -3.05 -1.8) (end 2.7 -1.8) (layer B.SilkS) (width 0.12))
    (fp_line (start -3.05 1.8) (end -3.05 -1.8) (layer B.SilkS) (width 0.12))
    (fp_line (start 2.7 1.8) (end -3.05 1.8) (layer B.SilkS) (width 0.12))
    (fp_line (start -2.5 -0.6) (end -1.5 -1.6) (layer B.Fab) (width 0.1))
    (fp_line (start -2.5 1.4) (end -2.3 1.6) (layer B.Fab) (width 0.1))
    (fp_line (start -2.5 -1.4) (end -2.5 1.4) (layer B.Fab) (width 0.1))
    (fp_line (start -2.3 -1.6) (end -2.5 -1.4) (layer B.Fab) (width 0.1))
    (fp_line (start 2.3 -1.6) (end -2.3 -1.6) (layer B.Fab) (width 0.1))
    (fp_line (start 2.5 -1.4) (end 2.3 -1.6) (layer B.Fab) (width 0.1))
    (fp_line (start 2.5 1.4) (end 2.5 -1.4) (layer B.Fab) (width 0.1))
    (fp_line (start 2.3 1.6) (end 2.5 1.4) (layer B.Fab) (width 0.1))
    (fp_line (start -2.3 1.6) (end 2.3 1.6) (layer B.Fab) (width 0.1))
    (fp_text user %R (at 0 0 270) (layer B.Fab)
      (effects (font (size 1 1) (thickness 0.15)) (justify mirror))
    )
    (pad 2 smd rect (at 1.85 0 270) (size 2 2.4) (layers B.Cu B.Paste B.Mask)
      (net 57 "Net-(C6-Pad1)"))
    (pad 1 smd rect (at -1.85 0 270) (size 2 2.4) (layers B.Cu B.Paste B.Mask)
      (net 29 "Net-(C5-Pad2)"))
    (model ${KISYS3DMOD}/Crystal.3dshapes/Crystal_SMD_5032-2Pin_5.0x3.2mm.wrl
      (at (xyz 0 0 0))
      (scale (xyz 1 1 1))
      (rotate (xyz 0 0 0))
    )
  )

  (module Crystal:Crystal_SMD_5032-2Pin_5.0x3.2mm (layer B.Cu) (tedit 5A0FD1B2) (tstamp 5D46FBA0)
    (at 191.5 92.9 90)
    (descr "SMD Crystal SERIES SMD2520/2 http://www.icbase.com/File/PDF/HKC/HKC00061008.pdf, 5.0x3.2mm^2 package")
    (tags "SMD SMT crystal")
    (path /5CF6E2C0/5CF70340)
    (attr smd)
    (fp_text reference Y2 (at 0 2.8 180) (layer B.SilkS)
      (effects (font (size 1 1) (thickness 0.15)) (justify mirror))
    )
    (fp_text value 25MHz (at 0 -2.8 90) (layer B.Fab)
      (effects (font (size 1 1) (thickness 0.15)) (justify mirror))
    )
    (fp_circle (center 0 0) (end 0.093333 0) (layer B.Adhes) (width 0.186667))
    (fp_circle (center 0 0) (end 0.213333 0) (layer B.Adhes) (width 0.133333))
    (fp_circle (center 0 0) (end 0.333333 0) (layer B.Adhes) (width 0.133333))
    (fp_circle (center 0 0) (end 0.4 0) (layer B.Adhes) (width 0.1))
    (fp_line (start 3.1 1.9) (end -3.1 1.9) (layer B.CrtYd) (width 0.05))
    (fp_line (start 3.1 -1.9) (end 3.1 1.9) (layer B.CrtYd) (width 0.05))
    (fp_line (start -3.1 -1.9) (end 3.1 -1.9) (layer B.CrtYd) (width 0.05))
    (fp_line (start -3.1 1.9) (end -3.1 -1.9) (layer B.CrtYd) (width 0.05))
    (fp_line (start -3.05 -1.8) (end 2.7 -1.8) (layer B.SilkS) (width 0.12))
    (fp_line (start -3.05 1.8) (end -3.05 -1.8) (layer B.SilkS) (width 0.12))
    (fp_line (start 2.7 1.8) (end -3.05 1.8) (layer B.SilkS) (width 0.12))
    (fp_line (start -2.5 -0.6) (end -1.5 -1.6) (layer B.Fab) (width 0.1))
    (fp_line (start -2.5 1.4) (end -2.3 1.6) (layer B.Fab) (width 0.1))
    (fp_line (start -2.5 -1.4) (end -2.5 1.4) (layer B.Fab) (width 0.1))
    (fp_line (start -2.3 -1.6) (end -2.5 -1.4) (layer B.Fab) (width 0.1))
    (fp_line (start 2.3 -1.6) (end -2.3 -1.6) (layer B.Fab) (width 0.1))
    (fp_line (start 2.5 -1.4) (end 2.3 -1.6) (layer B.Fab) (width 0.1))
    (fp_line (start 2.5 1.4) (end 2.5 -1.4) (layer B.Fab) (width 0.1))
    (fp_line (start 2.3 1.6) (end 2.5 1.4) (layer B.Fab) (width 0.1))
    (fp_line (start -2.3 1.6) (end 2.3 1.6) (layer B.Fab) (width 0.1))
    (fp_text user %R (at 0 0 90) (layer B.Fab)
      (effects (font (size 1 1) (thickness 0.15)) (justify mirror))
    )
    (pad 2 smd rect (at 1.85 0 90) (size 2 2.4) (layers B.Cu B.Paste B.Mask)
      (net 68 "Net-(C25-Pad2)"))
    (pad 1 smd rect (at -1.85 0 90) (size 2 2.4) (layers B.Cu B.Paste B.Mask)
      (net 69 "Net-(C24-Pad2)"))
    (model ${KISYS3DMOD}/Crystal.3dshapes/Crystal_SMD_5032-2Pin_5.0x3.2mm.wrl
      (at (xyz 0 0 0))
      (scale (xyz 1 1 1))
      (rotate (xyz 0 0 0))
    )
  )

  (module Capacitor_SMD:C_0805_2012Metric (layer B.Cu) (tedit 5B36C52B) (tstamp 5D46D1C5)
    (at 195.7 110.7 180)
    (descr "Capacitor SMD 0805 (2012 Metric), square (rectangular) end terminal, IPC_7351 nominal, (Body size source: https://docs.google.com/spreadsheets/d/1BsfQQcO9C6DZCsRaXUlFlo91Tg2WpOkGARC1WS5S8t0/edit?usp=sharing), generated with kicad-footprint-generator")
    (tags capacitor)
    (path /5D0CBC97)
    (attr smd)
    (fp_text reference C1 (at -2.7625 -0.1 180) (layer B.SilkS)
      (effects (font (size 1 1) (thickness 0.15)) (justify mirror))
    )
    (fp_text value 6.8n (at 0 -1.65 180) (layer B.Fab)
      (effects (font (size 1 1) (thickness 0.15)) (justify mirror))
    )
    (fp_text user %R (at 0 0 180) (layer B.Fab)
      (effects (font (size 0.5 0.5) (thickness 0.08)) (justify mirror))
    )
    (fp_line (start 1.68 -0.95) (end -1.68 -0.95) (layer B.CrtYd) (width 0.05))
    (fp_line (start 1.68 0.95) (end 1.68 -0.95) (layer B.CrtYd) (width 0.05))
    (fp_line (start -1.68 0.95) (end 1.68 0.95) (layer B.CrtYd) (width 0.05))
    (fp_line (start -1.68 -0.95) (end -1.68 0.95) (layer B.CrtYd) (width 0.05))
    (fp_line (start -0.258578 -0.71) (end 0.258578 -0.71) (layer B.SilkS) (width 0.12))
    (fp_line (start -0.258578 0.71) (end 0.258578 0.71) (layer B.SilkS) (width 0.12))
    (fp_line (start 1 -0.6) (end -1 -0.6) (layer B.Fab) (width 0.1))
    (fp_line (start 1 0.6) (end 1 -0.6) (layer B.Fab) (width 0.1))
    (fp_line (start -1 0.6) (end 1 0.6) (layer B.Fab) (width 0.1))
    (fp_line (start -1 -0.6) (end -1 0.6) (layer B.Fab) (width 0.1))
    (pad 2 smd roundrect (at 0.9375 0 180) (size 0.975 1.4) (layers B.Cu B.Paste B.Mask) (roundrect_rratio 0.25)
      (net 80 /RD-))
    (pad 1 smd roundrect (at -0.9375 0 180) (size 0.975 1.4) (layers B.Cu B.Paste B.Mask) (roundrect_rratio 0.25)
      (net 22 /W5100_Ethernet_Interface/RD-))
    (model ${KISYS3DMOD}/Capacitor_SMD.3dshapes/C_0805_2012Metric.wrl
      (at (xyz 0 0 0))
      (scale (xyz 1 1 1))
      (rotate (xyz 0 0 0))
    )
  )

  (module Capacitor_SMD:C_0805_2012Metric (layer B.Cu) (tedit 5B36C52B) (tstamp 5D46D206)
    (at 195.7 108.5 180)
    (descr "Capacitor SMD 0805 (2012 Metric), square (rectangular) end terminal, IPC_7351 nominal, (Body size source: https://docs.google.com/spreadsheets/d/1BsfQQcO9C6DZCsRaXUlFlo91Tg2WpOkGARC1WS5S8t0/edit?usp=sharing), generated with kicad-footprint-generator")
    (tags capacitor)
    (path /5D0CBDB3)
    (attr smd)
    (fp_text reference C2 (at -2.8625 0 180) (layer B.SilkS)
      (effects (font (size 1 1) (thickness 0.15)) (justify mirror))
    )
    (fp_text value 6.8n (at 0 -1.65 180) (layer B.Fab)
      (effects (font (size 1 1) (thickness 0.15)) (justify mirror))
    )
    (fp_line (start -1 -0.6) (end -1 0.6) (layer B.Fab) (width 0.1))
    (fp_line (start -1 0.6) (end 1 0.6) (layer B.Fab) (width 0.1))
    (fp_line (start 1 0.6) (end 1 -0.6) (layer B.Fab) (width 0.1))
    (fp_line (start 1 -0.6) (end -1 -0.6) (layer B.Fab) (width 0.1))
    (fp_line (start -0.258578 0.71) (end 0.258578 0.71) (layer B.SilkS) (width 0.12))
    (fp_line (start -0.258578 -0.71) (end 0.258578 -0.71) (layer B.SilkS) (width 0.12))
    (fp_line (start -1.68 -0.95) (end -1.68 0.95) (layer B.CrtYd) (width 0.05))
    (fp_line (start -1.68 0.95) (end 1.68 0.95) (layer B.CrtYd) (width 0.05))
    (fp_line (start 1.68 0.95) (end 1.68 -0.95) (layer B.CrtYd) (width 0.05))
    (fp_line (start 1.68 -0.95) (end -1.68 -0.95) (layer B.CrtYd) (width 0.05))
    (fp_text user %R (at 0 0 180) (layer B.Fab)
      (effects (font (size 0.5 0.5) (thickness 0.08)) (justify mirror))
    )
    (pad 1 smd roundrect (at -0.9375 0 180) (size 0.975 1.4) (layers B.Cu B.Paste B.Mask) (roundrect_rratio 0.25)
      (net 21 /W5100_Ethernet_Interface/RD+))
    (pad 2 smd roundrect (at 0.9375 0 180) (size 0.975 1.4) (layers B.Cu B.Paste B.Mask) (roundrect_rratio 0.25)
      (net 81 /RD+))
    (model ${KISYS3DMOD}/Capacitor_SMD.3dshapes/C_0805_2012Metric.wrl
      (at (xyz 0 0 0))
      (scale (xyz 1 1 1))
      (rotate (xyz 0 0 0))
    )
  )

  (module Capacitor_SMD:C_0805_2012Metric (layer B.Cu) (tedit 5B36C52B) (tstamp 5D464788)
    (at 155.4 80.2 180)
    (descr "Capacitor SMD 0805 (2012 Metric), square (rectangular) end terminal, IPC_7351 nominal, (Body size source: https://docs.google.com/spreadsheets/d/1BsfQQcO9C6DZCsRaXUlFlo91Tg2WpOkGARC1WS5S8t0/edit?usp=sharing), generated with kicad-footprint-generator")
    (tags capacitor)
    (path /5CF170D3)
    (attr smd)
    (fp_text reference C3 (at -3 0.2 180) (layer B.SilkS)
      (effects (font (size 1 1) (thickness 0.15)) (justify mirror))
    )
    (fp_text value 22n (at 0 -1.65 180) (layer B.Fab)
      (effects (font (size 1 1) (thickness 0.15)) (justify mirror))
    )
    (fp_line (start -1 -0.6) (end -1 0.6) (layer B.Fab) (width 0.1))
    (fp_line (start -1 0.6) (end 1 0.6) (layer B.Fab) (width 0.1))
    (fp_line (start 1 0.6) (end 1 -0.6) (layer B.Fab) (width 0.1))
    (fp_line (start 1 -0.6) (end -1 -0.6) (layer B.Fab) (width 0.1))
    (fp_line (start -0.258578 0.71) (end 0.258578 0.71) (layer B.SilkS) (width 0.12))
    (fp_line (start -0.258578 -0.71) (end 0.258578 -0.71) (layer B.SilkS) (width 0.12))
    (fp_line (start -1.68 -0.95) (end -1.68 0.95) (layer B.CrtYd) (width 0.05))
    (fp_line (start -1.68 0.95) (end 1.68 0.95) (layer B.CrtYd) (width 0.05))
    (fp_line (start 1.68 0.95) (end 1.68 -0.95) (layer B.CrtYd) (width 0.05))
    (fp_line (start 1.68 -0.95) (end -1.68 -0.95) (layer B.CrtYd) (width 0.05))
    (fp_text user %R (at 0 0 180) (layer B.Fab)
      (effects (font (size 0.5 0.5) (thickness 0.08)) (justify mirror))
    )
    (pad 1 smd roundrect (at -0.9375 0 180) (size 0.975 1.4) (layers B.Cu B.Paste B.Mask) (roundrect_rratio 0.25)
      (net 1 GND))
    (pad 2 smd roundrect (at 0.9375 0 180) (size 0.975 1.4) (layers B.Cu B.Paste B.Mask) (roundrect_rratio 0.25)
      (net 82 /CT))
    (model ${KISYS3DMOD}/Capacitor_SMD.3dshapes/C_0805_2012Metric.wrl
      (at (xyz 0 0 0))
      (scale (xyz 1 1 1))
      (rotate (xyz 0 0 0))
    )
  )

  (module Capacitor_SMD:C_0805_2012Metric (layer B.Cu) (tedit 5B36C52B) (tstamp 5D473E62)
    (at 187.3 103 180)
    (descr "Capacitor SMD 0805 (2012 Metric), square (rectangular) end terminal, IPC_7351 nominal, (Body size source: https://docs.google.com/spreadsheets/d/1BsfQQcO9C6DZCsRaXUlFlo91Tg2WpOkGARC1WS5S8t0/edit?usp=sharing), generated with kicad-footprint-generator")
    (tags capacitor)
    (path /5CF1708A)
    (attr smd)
    (fp_text reference C4 (at 3 0 180) (layer B.SilkS)
      (effects (font (size 1 1) (thickness 0.15)) (justify mirror))
    )
    (fp_text value 10n (at 0 -1.65 180) (layer B.Fab)
      (effects (font (size 1 1) (thickness 0.15)) (justify mirror))
    )
    (fp_text user %R (at 0 0 180) (layer B.Fab)
      (effects (font (size 0.5 0.5) (thickness 0.08)) (justify mirror))
    )
    (fp_line (start 1.68 -0.95) (end -1.68 -0.95) (layer B.CrtYd) (width 0.05))
    (fp_line (start 1.68 0.95) (end 1.68 -0.95) (layer B.CrtYd) (width 0.05))
    (fp_line (start -1.68 0.95) (end 1.68 0.95) (layer B.CrtYd) (width 0.05))
    (fp_line (start -1.68 -0.95) (end -1.68 0.95) (layer B.CrtYd) (width 0.05))
    (fp_line (start -0.258578 -0.71) (end 0.258578 -0.71) (layer B.SilkS) (width 0.12))
    (fp_line (start -0.258578 0.71) (end 0.258578 0.71) (layer B.SilkS) (width 0.12))
    (fp_line (start 1 -0.6) (end -1 -0.6) (layer B.Fab) (width 0.1))
    (fp_line (start 1 0.6) (end 1 -0.6) (layer B.Fab) (width 0.1))
    (fp_line (start -1 0.6) (end 1 0.6) (layer B.Fab) (width 0.1))
    (fp_line (start -1 -0.6) (end -1 0.6) (layer B.Fab) (width 0.1))
    (pad 2 smd roundrect (at 0.9375 0 180) (size 0.975 1.4) (layers B.Cu B.Paste B.Mask) (roundrect_rratio 0.25)
      (net 28 "Net-(C4-Pad2)"))
    (pad 1 smd roundrect (at -0.9375 0 180) (size 0.975 1.4) (layers B.Cu B.Paste B.Mask) (roundrect_rratio 0.25)
      (net 1 GND))
    (model ${KISYS3DMOD}/Capacitor_SMD.3dshapes/C_0805_2012Metric.wrl
      (at (xyz 0 0 0))
      (scale (xyz 1 1 1))
      (rotate (xyz 0 0 0))
    )
  )

  (module Capacitor_SMD:C_0805_2012Metric (layer B.Cu) (tedit 5B36C52B) (tstamp 5D3724A5)
    (at 210.1375 66.4 180)
    (descr "Capacitor SMD 0805 (2012 Metric), square (rectangular) end terminal, IPC_7351 nominal, (Body size source: https://docs.google.com/spreadsheets/d/1BsfQQcO9C6DZCsRaXUlFlo91Tg2WpOkGARC1WS5S8t0/edit?usp=sharing), generated with kicad-footprint-generator")
    (tags capacitor)
    (path /5CEC7228)
    (attr smd)
    (fp_text reference C7 (at 2.7375 0 180) (layer B.SilkS)
      (effects (font (size 1 1) (thickness 0.15)) (justify mirror))
    )
    (fp_text value 100n (at 0 -1.65 180) (layer B.Fab)
      (effects (font (size 1 1) (thickness 0.15)) (justify mirror))
    )
    (fp_text user %R (at 0 0 180) (layer B.Fab)
      (effects (font (size 0.5 0.5) (thickness 0.08)) (justify mirror))
    )
    (fp_line (start 1.68 -0.95) (end -1.68 -0.95) (layer B.CrtYd) (width 0.05))
    (fp_line (start 1.68 0.95) (end 1.68 -0.95) (layer B.CrtYd) (width 0.05))
    (fp_line (start -1.68 0.95) (end 1.68 0.95) (layer B.CrtYd) (width 0.05))
    (fp_line (start -1.68 -0.95) (end -1.68 0.95) (layer B.CrtYd) (width 0.05))
    (fp_line (start -0.258578 -0.71) (end 0.258578 -0.71) (layer B.SilkS) (width 0.12))
    (fp_line (start -0.258578 0.71) (end 0.258578 0.71) (layer B.SilkS) (width 0.12))
    (fp_line (start 1 -0.6) (end -1 -0.6) (layer B.Fab) (width 0.1))
    (fp_line (start 1 0.6) (end 1 -0.6) (layer B.Fab) (width 0.1))
    (fp_line (start -1 0.6) (end 1 0.6) (layer B.Fab) (width 0.1))
    (fp_line (start -1 -0.6) (end -1 0.6) (layer B.Fab) (width 0.1))
    (pad 2 smd roundrect (at 0.9375 0 180) (size 0.975 1.4) (layers B.Cu B.Paste B.Mask) (roundrect_rratio 0.25)
      (net 30 RESET))
    (pad 1 smd roundrect (at -0.9375 0 180) (size 0.975 1.4) (layers B.Cu B.Paste B.Mask) (roundrect_rratio 0.25)
      (net 18 DTR))
    (model ${KISYS3DMOD}/Capacitor_SMD.3dshapes/C_0805_2012Metric.wrl
      (at (xyz 0 0 0))
      (scale (xyz 1 1 1))
      (rotate (xyz 0 0 0))
    )
  )

  (module Capacitor_SMD:C_0805_2012Metric (layer B.Cu) (tedit 5B36C52B) (tstamp 5D3724B6)
    (at 199.6 73.0625 90)
